cam0:
  T_cam_imu:
  - [0.004992737615560738, -0.9999398517581126, 0.009765522877063393, -0.0029777041203030707]
  - [-0.28799696395532753, -0.01078971922986982, -0.9575705356324675, 0.007451887714383475]
  - [0.9576183066982442, 0.0019684574927743004, -0.2880335116813375, -0.1143654374517946]
  - [0.0, 0.0, 0.0, 1.0]
  cam_overlaps: []
  camera_model: pinhole
  distortion_coeffs: [-0.03938736343061777, -7.245563493703602e-05, -0.010396499887752604,
    0.009728241070550269]
  distortion_model: equidistant
  intrinsics: [418.8653465973262, 417.5288156946972, 325.9575489424978, 256.9988674462757]
  resolution: [640, 512]
  rostopic: /nduk/image_raw
  timeshift_cam_imu: -0.00034238975573087373
